1502782800	255	22.6	131	190	67
1502783100	255	22.5	88	147	67
1502783100	255	22.5	99	121	67
1502783400	255	22.4	78	172	67
1502783400	255	22.4	89	223	67
1502783700	255	22.3	104	159	67
1502783700	255	22.3	93	129	67
1502784000	255	22.3	92	206	67
1502784000	255	22.3	106	71	67
1502784300	255	22.2	106	175	67
1502784300	255	22.2	109	127	67
1502784300	255	22.2	106	175	67
1502784600	255	22.2	83	142	67
1502784600	255	22.2	96	163	67
1502784900	255	22.1	95	157	67
1502784900	255	22.1	89	138	67
1502785200	255	22.1	101	150	67
1502785200	255	22.1	102	133	67
1502785500	255	22.0	92	145	67
1502785500	255	22.0	105	81	67
1502785801	255	22.0	74	52	67
1502786100	255	22.0	93	143	67
1502786100	255	22.0	84	118	67
1502786400	255	21.9	87	153	67
1502786700	255	21.9	92	137	67
1502787000	255	21.9	95	137	67
1502787000	255	21.9	88	104	67
1502787300	255	21.9	86	170	67
1502787300	255	21.9	96	107	67
1502787600	255	21.9	85	155	67
1502787600	255	21.9	83	150	67
1502787900	255	22.0	87	151	67
1502788200	255	22.0	101	196	67
1502788200	255	22.0	76	98	67
1502788500	255	22.0	89	151	67
1502788500	255	22.0	89	110	67
1502788800	255	22.0	103	163	67
1502788800	255	22.1	86	106	67
1502789100	255	22.1	110	168	67
1502789401	255	22.1	78	155	67
1502789401	255	22.1	255	255	67
1502789401	255	22.1	78	155	67
1502789700	255	22.2	92	142	67
1502789700	255	22.2	95	151	67
1502790000	255	22.2	102	151	67
1502790000	255	22.2	92	200	67
1502790300	255	22.2	84	150	67
1502790300	255	22.2	96	120	67
1502790600	255	22.3	97	188	67
1502790900	255	22.3	85	151	67
1502790900	255	22.3	99	132	67
1502790914	255	5387.2	0	11	177
1502791200	255	22.3	97	76	67
1502791500	255	22.3	89	169	67
1502791500	255	22.3	93	124	67
1502791800	255	22.4	94	136	67
1502791800	255	22.4	87	111	67
1502792100	255	22.4	92	182	67
1502792100	255	22.4	99	140	67
1502792400	255	22.4	93	118	67
1502792400	255	22.4	106	194	67
1502792700	255	22.5	90	162	67
1502792700	255	22.5	90	111	67
1502793001	255	22.5	74	131	67
1502793300	255	22.5	84	134	67
1502793300	255	22.5	85	201	67
1502793600	255	22.5	83	128	67
1502793600	255	22.5	119	83	67
1502793900	255	22.6	112	226	67
1502793900	255	22.6	94	133	67
1502794200	255	22.6	80	205	67
1502794200	255	22.6	100	165	67
1502794500	255	22.6	96	155	67
1502794500	255	22.6	155	225	67
1502794500	255	22.6	96	155	67
1502794800	255	22.6	83	199	67
1502794800	255	22.6	121	63	67
1502795100	255	22.7	118	195	67
1502795100	255	22.7	88	131	67
1502795400	255	22.7	87	145	67
1502795700	255	22.7	79	188	67
1502795700	255	22.7	87	101	67
1502796000	255	22.7	85	166	67
1502796000	255	22.7	209	167	67
1502796300	255	22.7	77	138	67
1502796300	255	22.7	94	154	67
1502796301	255	405.1	0	4	77
1502796601	255	22.7	72	178	67
1502796601	255	22.7	159	230	67
1502796601	255	22.7	72	178	67
1502796900	255	22.7	86	152	67
1502796900	255	22.7	119	221	67
1502797200	255	22.8	91	180	67
1502797200	255	22.8	114	65	67
1502797331	255	-5.0	0	0	134
1502797335	255	-0.1	0	4	211
1502797500	255	22.8	90	153	67
1502797500	255	22.8	85	105	67
1502797800	255	22.8	78	143	67
1502797800	255	22.8	85	167	67
1502798100	255	22.8	86	148	67
1502798100	255	22.8	87	104	67
1502798400	255	22.8	74	182	67
1502798400	255	22.9	170	252	67
1502798700	255	22.9	87	132	67
1502798700	255	22.9	190	179	67
1502799000	255	22.9	75	137	67
1502799000	255	22.9	118	118	67
1502799000	255	22.9	75	137	67
1502799300	255	22.9	84	143	67
1502799300	255	22.9	86	112	67
1502799600	255	23.0	78	136	67
1502799600	255	22.9	98	54	67
1502799900	255	23.0	74	133	67
1502799900	255	23.0	244	196	67
1502800201	255	23.0	63	137	67
1502800201	255	23.0	78	80	67
1502800500	255	23.0	101	178	67
1502800500	255	23.0	98	198	67
1502800800	255	23.1	91	153	67
1502800800	255	23.1	85	138	67
1502801100	255	23.1	76	145	67
1502801100	255	23.1	89	116	67
1502801400	255	23.1	76	142	67
1502801400	255	23.1	94	107	67
1502801700	255	23.1	82	150	67
1502801700	255	23.2	76	118	67
1502802000	255	23.2	74	135	67
1502802000	255	23.2	84	133	67
1502802094	255	2534.9	0	14	187
1502802300	255	23.2	80	130	67
1502802300	255	23.2	88	130	67
1502802315	255	2534.9	0	16	197
1502802600	255	23.2	75	134	67
1502802600	255	23.2	91	182	67
1502802900	255	23.3	77	144	67
1502802900	255	23.3	73	95	67
1502803200	255	23.3	75	131	67
1502803200	255	23.3	89	105	67
1502803500	255	23.3	96	126	67
1502803500	255	23.3	70	112	67
1502803800	255	23.3	71	125	67
1502804100	255	23.4	76	133	67
1502804100	255	23.4	90	164	67
1502804400	255	23.4	81	145	67
1502804400	255	23.4	77	95	67
1502804700	255	23.4	88	129	67
1502804700	255	23.4	83	103	67
1502805000	255	23.4	80	122	67
1502805000	255	23.4	81	98	67
1502805300	255	23.5	75	124	67
1502805300	255	23.5	75	104	67
1502805600	255	23.5	83	138	67
1502805600	255	23.5	85	179	67
1502805900	255	23.5	83	132	67
1502805900	255	23.5	71	92	67
1502806200	255	23.5	67	107	67
1502806200	255	23.5	112	116	67
1502806500	255	23.6	74	132	67
1502806500	255	23.6	84	102	67
1502806800	255	23.6	74	110	67
1502806800	255	23.6	106	110	67
1502807100	255	23.6	74	138	67
1502807100	255	23.6	80	95	67
1502807102	255	174.3	0	8	13
1502807401	255	23.6	59	129	67
1502807401	255	23.6	126	142	67
1502807415	255	866.4	0	12	51
1502807401	255	23.6	59	129	67
1502807700	255	23.6	78	167	67
1502807700	255	23.6	86	116	67
1502808000	255	23.7	79	135	67
1502808300	255	23.7	68	133	67
1502808300	255	23.7	62	94	67
1502808600	255	23.7	75	133	67
1502808600	255	23.7	116	122	67
1502808300	255	23.7	68	133	67
1502808900	255	23.7	82	164	67
1502808900	255	23.7	77	106	67
1502808961	255	4219.1	0	9	155
1502809200	255	23.8	68	131	67
1502809500	255	23.8	75	147	67
1502809500	255	23.8	84	105	67
1502809800	255	23.8	85	148	67
1502809800	255	23.8	72	107	67
1502810100	255	23.8	66	144	67
1502810100	255	23.8	74	104	67
1502810400	255	23.8	71	149	67
1502810400	255	23.8	87	170	67
1502810700	255	23.9	80	139	67
1502810700	255	23.9	73	108	67
1502811001	255	23.9	64	130	67
1502811300	255	23.9	83	133	67
1502811300	255	23.9	69	94	67
1502811600	255	23.9	94	146	67
1502811600	255	23.9	73	112	67
1502811900	255	23.9	71	160	67
1502811900	255	23.9	76	103	67
1502812200	255	24.0	78	146	67
1502812200	255	24.0	79	100	67
1502812500	255	24.0	87	158	67
1502812500	255	24.0	73	109	67
1502812800	255	24.0	72	156	67
1502812800	255	24.0	121	125	67
1502813100	255	24.0	80	142	67
1502813100	255	24.0	76	113	67
1502813400	255	24.0	83	133	67
1502813400	255	24.0	74	105	67
1502813541	255	4619.2	0	21	169
1502813700	255	24.0	86	135	67
1502814000	255	24.1	85	171	67
1502814000	255	24.1	93	115	67
1502814300	255	24.1	85	131	67
1502814300	255	24.1	78	97	67
1502814601	255	24.1	79	146	67
1502814601	255	24.1	109	139	67
1502814601	255	24.1	79	146	67
1502814900	255	24.1	79	139	67
1502814900	255	24.1	91	205	67
1502815200	255	24.1	75	121	67
1502815200	255	24.1	75	119	67
1502815500	255	24.1	91	191	67
1502815500	255	24.1	76	90	67
1502815800	255	24.1	73	136	67
1502815800	255	24.1	67	110	67
1502816100	255	24.1	83	155	67
1502816100	255	24.1	81	117	67
1502816400	255	24.1	100	107	67
1502816700	255	24.1	85	151	67
1502816700	255	24.1	82	142	67
1502817000	255	24.1	73	119	67
1502817000	255	24.1	83	97	67
1502817300	255	24.1	136	140	67
1502816700	255	24.1	85	151	67
1502817300	255	24.1	74	110	67
1502817600	255	24.1	71	104	67
1502817600	255	24.1	78	156	67
1502817900	255	24.1	73	161	67
1502817900	255	24.1	75	98	67
1502818201	255	24.1	70	144	67
1502818201	255	24.1	188	194	67
1502817900	255	24.1	73	161	67
1502818500	255	24.1	81	126	67
1502818500	255	24.0	76	101	67
1502818800	255	24.0	79	129	67
1502818800	255	24.0	81	126	67
1502819100	255	24.0	92	168	67
1502819100	255	24.0	71	117	67
1502819400	255	24.0	84	133	67
1502819400	255	24.0	78	109	67
1502819700	255	24.0	74	127	67
1502819700	255	24.0	80	95	67
1502820000	255	24.0	103	129	67
1502820000	255	24.0	124	211	67
1502820300	255	24.0	75	126	67
1502820300	255	24.0	88	111	67
1502820600	255	24.0	69	114	67
1502820900	255	24.0	76	135	67
1502820900	255	23.9	87	102	67
1502821200	255	23.9	90	146	67
1502821200	255	23.9	77	106	67
1502821500	255	23.9	81	136	67
1502821500	255	23.9	90	114	67
1502821566	255	14.6	0	11	154
1502821801	255	23.9	74	164	67
1502821801	255	23.9	177	101	67
1502822100	255	23.9	82	115	67
1502822100	255	23.9	90	127	67
1502822400	255	23.8	76	154	67
1502822400	255	23.8	105	86	67
1502822700	255	23.8	83	91	67
1502823000	255	23.7	76	123	67
1502823000	255	23.7	74	180	67
1502823300	255	23.7	77	159	67
1502823300	255	23.7	91	125	67
1502823600	255	23.7	83	136	67
1502823600	255	23.7	91	59	67
1502823900	255	23.7	84	129	67
1502823900	255	23.7	88	101	67
1502824200	255	23.6	83	121	67
1502824500	255	23.6	74	124	67
1502824500	255	23.6	76	88	67
1502824800	255	23.6	70	119	67
1502824800	255	23.6	78	91	67
1502825100	255	23.6	79	124	67
1502825100	255	23.6	87	103	67
1502825401	255	23.6	184	191	67
1502823600	255	23.7	83	136	67
1502825401	255	23.6	83	62	67
1502825520	255	-5.0	0	0	26
1502825700	255	23.5	73	111	67
1502825700	255	23.5	87	104	67
1502826000	255	23.5	101	187	67
1502826000	255	23.5	105	79	67
1502826300	255	23.5	71	133	67
1502826300	255	23.5	85	109	67
1502826600	255	23.5	87	133	67
1502826600	255	23.5	71	105	67
1502873100	255	23.4	64	126	67
1502873400	255	23.4	71	129	67
1502873622	255	-5.0	0	0	22
1502873700	255	23.4	70	128	67
1502874000	255	23.4	67	132	67
1502874300	255	23.4	68	164	67
1502874600	255	23.4	93	169	67
1502874900	255	23.4	76	137	67
1502875200	255	23.4	62	102	67
1502875500	255	23.4	72	118	67
1502877801	255	-4.9	0	8	145
1502877900	255	23.7	83	155	67
1502878200	255	23.7	85	162	67
1502878500	255	23.7	95	160	67
1502878800	255	23.7	83	149	67
1502879015	255	-4.9	0	9	251
1502879100	255	23.6	99	109	67
1502883300	255	23.8	208	244	67
1502884711	255	-4.9	0	6	162
1502884800	255	23.8	80	162	67
1502885100	255	23.9	95	187	67
1502885400	255	23.9	81	158	67
1502885700	255	23.9	88	182	67
1502886000	255	23.8	100	197	67
1502886300	255	23.8	84	168	67
1502886600	255	23.8	95	210	67
1502886900	255	23.8	92	187	67
1502887200	255	23.7	91	188	67
1502887500	255	23.7	93	175	67
1502887800	255	23.7	94	184	67
1502888100	255	23.7	90	161	67
1502888100	255	-3.0	129	139	166
1502888221	255	3312.0	0	0	139
1502888400	255	23.7	95	197	67
1502888424	255	149.1	0	17	157
1502888700	255	23.7	87	203	67
1502889000	255	23.8	93	242	67
1502889300	255	23.8	92	189	67
1502889600	255	23.8	98	200	67
1502889900	255	23.8	93	160	67
1503054900	255	24.6	99	204	67
1503055200	255	24.6	91	160	67
1503055500	255	24.6	97	159	67
1503055801	255	24.6	175	255	67
1503055200	255	24.6	91	160	67
1503056400	255	24.7	109	215	67
1503056700	255	24.7	86	159	67
1503056951	255	22.5	0	12	16
1503057000	255	24.7	95	185	67
1503057000	255	24.7	86	170	67
1503057300	255	24.7	71	21	67
1503057600	255	24.6	83	137	67
1503057852	255	2303.9	0	16	158
1503057900	255	24.6	82	134	67
1503058200	255	24.6	87	141	67
1503058500	255	24.6	87	154	67
1503058800	255	24.7	81	151	67
1503059100	255	24.7	89	146	67
1503059400	255	24.7	178	255	67
1503059100	255	24.7	89	146	67
1503057000	255	24.7	95	185	67
1503057000	255	24.7	86	170	67
1503059700	255	24.7	94	213	67
1503060000	255	24.7	85	135	67
1503060300	255	24.7	91	156	67
1503060481	255	-3.2	130	232	28
1503060600	255	24.7	91	156	67
1503060900	255	24.7	87	159	67
1503061200	255	24.7	83	160	67
1503061500	255	24.7	89	152	67
1503061800	255	24.7	91	161	67
1503062100	255	24.8	93	176	67
1503062400	255	24.8	93	170	67
1503062651	255	-4.9	0	8	65
1503062700	255	24.8	91	195	67
1503063000	255	24.8	100	196	67
1503063300	255	24.8	97	193	67
1503063600	255	24.8	93	151	67
1503064200	255	24.9	79	151	67
1503064200	255	24.8	84	155	67
1503064480	255	24.9	93	157	67
1503064500	255	24.9	86	143	67
1503065080	255	24.9	85	120	67
1503065100	255	24.9	88	155	67
1503065400	255	24.9	98	154	67
1503066300	255	25.0	102	128	67
1503066900	255	26.1	11	18	67
1503067200	255	26.5	11	17	67
1503067500	255	26.5	12	23	67
1503067500	255	26.5	13	17	67
1503067691	255	-5.0	0	0	208
1503067800	255	26.4	11	17	67
1503067800	255	26.4	13	30	67
1503068100	255	26.3	12	21	67
1503068100	255	26.3	11	11	67
1503068400	255	26.2	11	19	67
1503068400	255	26.2	15	18	67
1503068700	255	26.0	11	17	67
1503068700	255	26.0	12	13	67
1503069000	255	25.9	12	18	67
1503069000	255	25.9	16	18	67
1503069300	255	25.9	11	18	67
1503069300	255	25.9	13	17	67
1503069600	255	25.8	11	16	67
1503069600	255	25.8	17	18	67
1503069900	255	25.7	12	20	67
1503069900	255	25.7	14	17	67
1503070201	255	25.7	20	17	67
1503070500	255	25.6	10	19	67
1503070500	255	25.6	15	22	67
1503070800	255	25.6	11	17	67
1503070800	255	25.6	16	18	67
1503071100	255	25.5	11	17	67
1503071100	255	25.5	12	12	67
1503071400	255	25.5	11	17	67
1503071400	255	25.5	15	24	67
1503071700	255	25.5	11	17	67
1503071700	255	25.5	13	12	67
1503072000	255	25.5	13	20	67
1503072000	255	25.5	18	22	67
1503072300	255	25.4	11	18	67
1503072300	255	25.4	12	12	67
1503072600	255	25.4	12	16	67
1503072600	255	25.4	13	13	67
1503072900	255	25.4	12	17	67
1503072900	255	25.4	13	16	67
1503073091	255	0.4	132	236	32
1503073200	255	25.4	11	18	67
1503073200	255	25.4	11	12	67
1503073500	255	25.4	11	17	67
1503073500	255	25.4	13	14	67
1503073801	255	25.4	10	23	67
1503073801	255	25.4	18	17	67
4294967295	255	11.3	0	53	0
1503074100	255	25.4	13	17	67
1503074100	255	25.4	15	17	67
1503074400	255	25.4	11	18	67
1503074400	255	25.4	12	11	67
1503074700	255	25.3	12	18	67
1503074700	255	25.3	18	20	67
1503075000	255	25.3	12	20	67
1503075000	255	25.3	12	18	67
1503075300	255	25.3	11	17	67
1503075300	255	25.3	12	23	67
1503136500	255	22.9	13	20	67
1503136500	255	22.9	19	22	67
1503136800	255	22.9	13	21	67
1503141900	255	23.4	12	22	67
1503142200	255	23.4	13	20	67
1503142200	255	23.4	13	21	67
1503142490	255	23.4	13	14	67
1503142500	255	23.4	13	20	67
1503146100	255	23.6	12	19	67
1503146133	255	-2.3	150	235	120
1503147000	255	23.7	12	21	67
1503147600	255	23.7	15	24	67
1503147900	255	23.7	14	21	67
1503148500	255	23.7	12	20	67
1503149100	255	23.7	12	19	67
1503149100	255	23.7	12	18	67
1503149391	255	23.7	15	13	67
1503149400	255	23.7	12	20	67
1503149700	255	23.7	12	19	67
1503149700	255	23.7	12	17	67
1503150000	255	23.7	12	20	67
1503150000	255	23.7	13	20	67
1503150290	255	23.7	13	13	67
1503150300	255	23.7	12	18	67
1503150300	255	23.7	12	20	67
1503150600	255	23.7	12	19	67
1503150600	255	23.7	12	21	67
1503150900	255	23.7	12	19	67
1503150900	255	23.7	12	19	67
1503151190	255	23.7	12	13	67
1503151200	255	23.7	13	20	67
1503151200	255	23.7	19	23	6
1503151500	255	23.7	12	18	67
1503151500	255	23.7	11	18	67
1503151800	255	23.7	12	18	67
1503151800	255	23.7	12	19	67
1503152100	255	23.7	12	21	67
1503152100	255	23.7	13	21	67
1503152390	255	23.7	25	30	67
1503152400	255	23.7	13	22	67
1503152420	255	11.2	0	47	254
1503152700	255	23.7	12	20	67
1503152700	255	23.7	13	21	67
1503153000	255	23.7	12	20	67
1503153000	255	23.7	14	26	67
1503153001	255	23.7	25	31	67
1503153050	255	-2.5	0	0	129
1503153600	255	23.7	13	20	67
1503153600	255	23.7	12	20	67
1503153723	255	-4.9	0	33	209
1503153900	255	23.7	12	18	67
1503153900	255	23.7	12	22	67
1503154200	255	23.7	12	20	67
1503154200	255	23.7	12	21	67
1503154500	255	23.7	12	20	67
1503154500	255	23.7	12	20	67
1503154790	255	23.6	14	14	67
1503154800	255	23.7	12	21	67
1503154800	255	23.7	22	31	6
1503155100	255	23.6	12	22	67
1503155100	255	23.6	12	20	67
1503155400	255	23.6	12	22	67
1503155400	255	23.6	12	22	67
1503155690	255	23.6	15	15	67
1503155700	255	23.6	12	20	67
1503156000	255	23.6	12	19	67
1503156000	255	23.6	11	20	67
1503156300	255	23.6	12	19	67
1503156300	255	23.6	12	20	67
1503156600	255	23.6	11	19	67
1503156600	255	23.6	12	20	67
1503156900	255	23.5	12	18	67
1503156900	255	23.5	12	20	67
1503157200	255	23.5	12	20	67
1503157200	255	23.5	12	20	67
1503157490	255	23.5	14	17	67
1503157500	255	23.5	12	19	67
1503157800	255	23.5	13	20	67
1503157800	255	23.5	12	20	67
1503158100	255	23.5	13	31	67
1503158100	255	23.5	13	21	67
1503158390	255	23.4	13	14	67
1503158400	255	23.4	13	21	67
1503158400	255	23.4	20	32	6
1503158700	255	23.4	13	19	67
1503158700	255	23.4	12	19	67
1503159000	255	23.4	13	19	67
1503159000	255	23.4	14	19	67
1503159300	255	23.4	12	19	67
1503159600	255	23.4	12	20	67
1503159600	255	23.4	13	20	67
1503159900	255	23.3	12	22	67
1503159900	255	23.3	12	20	67
1503159900	255	23.3	13	17	67
1503160200	255	23.3	13	20	67
1503160200	255	23.3	12	19	67
1503160500	255	23.3	13	20	67
1503160500	255	23.3	13	21	67
1503160800	255	23.3	14	23	67
1503160800	255	23.3	13	21	67
1503161090	255	23.2	26	23	67
1503161100	255	23.2	13	20	67
1503161400	255	23.2	13	21	67
1503161400	255	23.2	12	21	67
1503161700	255	23.2	13	20	67
1503161700	255	23.2	13	20	67
1503161990	255	23.2	16	25	67
1503162000	255	23.2	13	21	67
1503162300	255	23.2	13	21	67
1503162300	255	23.2	13	20	67
1503162600	255	23.2	13	20	67
1503162600	255	23.2	14	19	67
1503162900	255	23.1	13	21	67
1503162902	255	3981.9	0	0	217
1503163200	255	23.1	14	22	67
1503163200	255	23.1	13	21	67
1503163500	255	23.1	13	21	67
1503163500	255	23.1	13	21	67
1503163791	255	23.1	17	13	67
1503163800	255	23.1	13	22	67
1503164090	255	23.1	15	18	67
1503164100	255	23.1	13	20	67
1503164400	255	23.1	14	21	67
1503164400	255	23.1	14	23	67
1503164700	255	23.1	13	21	67
1503164700	255	23.1	13	21	67
1503165000	255	23.0	14	21	67
1503165000	255	23.0	13	29	67
1503165300	255	23.0	14	22	67
1503165300	255	23.0	13	27	67
1503165600	255	23.0	13	21	67
1503165600	255	23.0	32	25	67
1503165900	255	23.0	14	26	67
1503165900	255	23.0	14	21	67
1503166200	255	23.0	13	21	67
1503166200	255	23.0	14	21	67
1503166500	255	23.0	13	22	67
1503166500	255	23.0	14	22	67
1503166800	255	22.9	14	20	67
1503166800	255	22.9	14	20	67
1503167100	255	22.9	14	22	67
1503167100	255	22.9	14	27	67
1503167121	255	-1.1	157	17	124
1503167400	255	22.9	13	23	67
1503167400	255	22.9	14	23	67
1503167700	255	22.9	14	30	67
1503167700	255	22.9	14	21	67
1503168000	255	22.8	14	23	67
1503168000	255	22.8	14	22	67
1503168300	255	22.8	14	23	67
1503168600	255	22.7	14	26	67
1503168600	255	22.7	15	22	67
1503168844	255	-3.0	0	67	118
1503168900	255	22.7	15	22	67
1503168900	255	22.7	15	23	67
1503169200	255	22.6	14	23	67
1503169200	255	22.6	16	22	6
1503169500	255	22.6	14	23	67
1503169500	255	22.6	14	25	67
1503169800	255	22.5	14	24	67
1503169800	255	22.5	14	22	67
1503170100	255	22.5	14	22	67
1503170100	255	22.4	14	21	67
1503170400	255	22.4	15	23	67
1503170400	255	22.4	13	20	67
1503170700	255	22.3	14	21	67
1503170700	255	22.3	13	24	67
1503171000	255	22.2	13	19	67
1503170991	255	22.2	23	14	67
1503171000	255	22.2	13	24	67
1503171300	255	22.2	13	21	67
1503171300	255	22.1	14	20	67
1503171600	255	22.1	12	21	67
1503171600	255	22.1	13	21	67
1503171900	255	22.0	12	20	67
1503171900	255	22.0	13	20	67
1503172200	255	21.9	12	19	67
1503172200	255	21.9	12	20	67
1503172500	255	21.8	12	22	67
1503172500	255	21.8	12	21	67
1503172800	255	21.8	12	18	67
1503172800	255	21.7	12	18	67
1503173100	255	21.7	12	19	67
1503173090	255	21.7	13	18	67
1503173100	255	21.7	12	19	67
1503173100	255	21.7	12	17	67
1503173400	255	21.6	12	20	67
1503173400	255	21.6	12	16	67
1503173700	255	21.6	11	20	67
1503173700	255	21.6	12	20	67
1503174000	255	21.5	11	22	67
1503174000	255	21.5	11	20	67
1503174300	255	21.4	11	19	67
1503174290	255	21.4	13	15	67
1503174300	255	21.4	11	17	67
1503174600	255	21.4	11	18	67
1503174600	255	21.4	12	17	67
1503174900	255	21.3	11	20	67
1503174900	255	21.3	11	21	67
1503175200	255	21.3	11	20	67
1503175500	255	21.2	11	17	67
1503175800	255	21.1	11	20	67
1503175800	255	21.1	11	19	67
1503176090	255	21.1	12	14	67
1503176100	255	21.1	11	18	67
1503176400	255	21.0	11	19	67
1503176400	255	21.0	11	23	67
1503176700	255	21.0	11	18	67
1503176700	255	21.0	11	18	67
1503177000	255	21.0	11	20	67
1503177000	255	21.0	10	18	67
1503177300	255	20.9	11	20	67
1503177300	255	20.9	11	18	67
1503177600	255	20.9	11	20	67
1503177600	255	20.9	11	21	67
1503177652	255	0.3	160	38	82
1503177900	255	20.8	11	20	67
1503178200	255	20.8	11	17	67
1503178200	255	20.8	11	19	67
1503178500	255	20.8	11	18	67
1503178500	255	20.8	11	17	67
1503221400	255	19.8	10	16	67
1503224700	255	20.2	16	18	67
1503224712	255	-5.0	0	0	0
1503225000	255	20.2	11	17	67
1503225300	255	20.3	19	24	67
1503225300	255	20.3	19	26	67
1503227341	255	4443.8	0	0	250
1503227400	255	20.4	11	17	67
1503227700	255	20.4	11	17	67
1503228000	255	20.4	10	16	67
1503228600	255	20.4	10	16	67
1503228900	255	20.5	11	16	67
1503229200	255	20.5	10	19	67
1503229200	255	20.5	11	18	67
1503229500	255	20.5	11	20	67
1503229500	255	20.5	10	18	67
1503229790	255	20.6	12	16	67
1503230700	255	20.7	11	16	67
1503230700	255	20.7	11	17	67
1503231000	255	20.7	11	18	67
1503231000	255	20.7	11	18	67
1503231600	255	20.8	12	19	67
1503231900	255	20.8	11	19	67
1503232500	255	20.8	11	17	67
1503233100	255	20.8	11	17	67
1503233400	255	20.7	10	16	67
1503233700	255	20.7	11	17	67
1503234000	255	20.7	10	18	67
1503234300	255	20.7	11	18	67
1503234600	255	20.7	11	18	67
1503234600	255	20.7	12	19	67
1503234900	255	20.7	11	17	67
1503235200	255	20.7	20	20	67
1503235500	255	20.7	13	18	67
1503235800	255	20.7	10	23	67
1503236100	255	20.7	11	18	67
1503236400	255	20.7	15	18	67
1503236700	255	20.7	11	18	67
1503237000	255	20.7	10	19	67
1503237300	255	20.7	11	18	67
1503237600	255	20.7	10	17	67
1503237900	255	20.7	10	16	67
1503238200	255	20.7	11	17	67
1503238500	255	20.7	11	15	67
1503238800	255	20.7	11	17	67
1503239100	255	20.7	10	17	67
1503239400	255	20.7	11	18	67
1503239700	255	20.8	10	17	67
1503239700	255	20.8	13	21	67
1503239960	255	-2.1	0	1	107
1503240000	255	20.8	11	17	67
1503240300	255	20.8	10	18	67
1503240600	255	20.8	11	20	67
1503240900	255	20.8	11	18	67
1503241200	255	20.8	11	17	67
1503241500	255	20.8	11	18	67
1503241800	255	20.8	10	18	67
1503242100	255	20.8	10	22	67
1503242400	255	20.8	11	19	67
1503242700	255	20.9	10	16	67
1503243000	255	20.9	11	17	67
1503243300	255	20.9	11	18	67
1503243600	255	20.9	11	17	67
1503243900	255	20.9	10	17	67
1503244200	255	20.9	11	17	67
1503244500	255	20.9	11	18	67
1503244800	255	20.9	10	18	67
1503245100	255	20.9	11	18	67
1503245400	255	21.0	11	17	67
1503245700	255	21.0	11	18	67
1503246000	255	21.0	11	19	67
1503246300	255	21.0	11	18	67
1503246900	255	21.0	11	18	67
1503247200	255	21.0	11	17	67
1503247500	255	21.0	11	21	67
1503247800	255	21.0	11	17	67
1503248100	255	21.0	11	18	67
1503248400	255	21.0	11	19	67
1503248700	255	21.0	10	18	67
1503249000	255	20.9	11	18	67
1503249300	255	20.9	10	18	67
1503249600	255	20.9	11	17	67
1503249900	255	20.9	11	17	67
1503250200	255	20.9	11	18	67
1503250500	255	20.9	11	18	67
1503250800	255	20.9	11	17	67
1503251100	255	20.9	11	19	67
1503251400	255	20.9	11	21	67
1503251700	255	20.9	11	17	67
1503251894	255	-4.6	0	43	203
1503252000	255	20.9	10	17	67
1503252300	255	20.9	11	17	67
1503252600	255	21.0	11	17	67
1503252900	255	21.0	10	17	67
1503253200	255	21.0	11	16	67
1503253500	255	21.0	11	19	67
1503254100	255	21.0	11	16	67
1503254400	255	21.0	11	18	67
1503254700	255	21.0	11	19	67
1503255000	255	21.0	11	17	67
1503255300	255	21.0	11	18	67
1503255600	255	21.0	11	18	67
1503255900	255	21.0	11	17	67
1503256200	255	21.0	11	17	67
1503256500	255	21.0	10	17	67
1503256800	255	21.0	11	17	67
1503257100	255	21.0	11	16	67
1503257400	255	21.0	11	18	67
1503257700	255	21.0	11	19	67
1503258000	255	21.0	11	21	67
1503258300	255	21.0	11	17	67
1503258305	255	-2.5	0	1	114
1503258600	255	21.0	11	18	67
1503258900	255	21.0	12	18	67
1503259200	255	21.0	11	18	67
1503259500	255	21.0	10	19	67
1503259800	255	21.0	11	17	67
1503260100	255	21.0	11	18	67
1503260400	255	21.0	11	17	67
1503260700	255	21.0	10	19	67
1503261300	255	21.0	11	18	67
1503261600	255	21.0	11	19	67
1503261900	255	20.9	11	19	67
1503262200	255	20.9	11	18	67
1503262500	255	20.9	11	18	67
1503262800	255	20.9	11	18	67
1503263100	255	20.9	11	17	67
1503263400	255	20.9	10	19	67
1503263700	255	20.9	11	16	67
1503264000	255	20.9	10	18	67
1503264300	255	20.9	10	16	67
1503264900	255	20.9	11	17	67
1503265200	255	20.9	11	17	67
1503265500	255	20.9	10	15	67
1503265800	255	20.9	11	16	67
1503266100	255	20.9	11	18	67
1503266400	255	20.9	14	18	67
1503266700	255	20.9	11	18	67
1503267000	255	20.8	10	19	67
1503267300	255	20.8	11	18	67
1503267600	255	20.8	11	19	67
1503267900	255	20.8	10	17	67
1503268500	255	20.8	11	17	67
1503268800	255	20.8	10	16	67
1503269100	255	20.9	13	18	67
1503269400	255	20.9	12	20	67
1503269700	255	20.9	11	17	67
1503270000	255	20.9	12	18	67
1503270300	255	20.9	11	17	67
1503270600	255	20.9	11	17	67
1503270900	255	20.9	11	18	67
1503271200	255	20.9	11	16	67
1503271500	255	20.9	11	17	67
1503271800	255	20.9	11	17	67
1503272100	255	20.9	11	17	67
1503272400	255	20.9	11	18	67
1503272700	255	20.9	11	17	67
1503273000	255	20.9	11	18	67
1503273300	255	20.9	11	18	67
1503273600	255	20.9	11	18	67
1503273900	255	20.9	11	16	67
1503274200	255	20.9	11	17	67
1503274500	255	20.9	11	18	67
1503274800	255	20.9	10	17	67
1503275100	255	20.9	10	16	67
1503275400	255	20.9	11	18	67
1503275700	255	20.9	11	16	67
1503275700	255	20.9	12	18	67
1503276000	255	20.9	12	18	67
1503276300	255	20.9	11	16	67
1503276600	255	20.9	11	17	67
1503276900	255	20.9	11	16	67
1503277200	255	20.9	11	18	67
1503277500	255	20.9	11	19	67
1503277800	255	20.9	11	20	67
1503278100	255	20.9	11	17	67
1503278235	255	-4.9	0	41	24
1503278400	255	20.9	11	21	67
1503278700	255	20.9	11	18	67
1503279000	255	20.9	10	18	67
1503279300	255	20.9	11	18	67
1503279600	255	20.9	11	17	67
1503279900	255	20.9	10	16	67
1503280200	255	20.9	11	18	67
1503280500	255	20.9	11	17	67
1503280800	255	20.9	10	16	67
1503281100	255	20.9	11	18	67
1503281400	255	20.9	11	19	67
1503281700	255	20.9	14	17	67
1503282000	255	20.9	11	17	67
1503282300	255	20.9	11	19	67
1503282600	255	20.9	11	16	67
1503282900	255	20.9	11	17	67
1503283200	255	20.9	11	18	67
1503283500	255	20.9	11	17	67
1503283800	255	20.9	11	18	67
1503284100	255	20.9	11	18	67
1503284400	255	20.9	10	19	67
1503284303	255	-4.9	0	51	0
1503284700	255	20.9	11	16	67
1503284846	255	-1.7	0	1	47
1503285000	255	20.9	10	16	67
1503285300	255	20.9	11	19	67
1503285600	255	20.9	11	16	67
1503285900	255	20.9	10	16	67
1503286200	255	20.9	10	16	67
1503286500	255	20.9	11	17	67
1503286800	255	20.9	11	17	67
1503287100	255	20.9	11	21	67
1503287400	255	20.9	11	18	67
1503287700	255	20.9	11	18	67
1503288000	255	20.9	10	18	67
1503288300	255	20.9	10	17	67
1503288600	255	20.9	10	19	67
1503288900	255	20.9	10	17	67
1503289200	255	20.9	11	17	67
1503289500	255	20.9	11	18	67
1503289800	255	20.9	11	17	67
1503290100	255	20.9	11	17	67
1503290400	255	21.0	11	19	67
1503290700	255	21.0	11	17	67
1503291000	255	21.0	11	17	67
1503291300	255	21.0	11	17	67
1503291600	255	21.0	11	17	67
1503291900	255	21.0	11	17	67
1503292200	255	21.0	11	18	67
1503292200	255	21.0	12	19	67
1503292500	255	21.0	11	20	67
1503292800	255	21.0	11	16	67
1503293100	255	21.0	11	18	67
1503293400	255	21.0	11	17	67
1503293700	255	21.0	11	19	67
1503294000	255	21.1	11	18	67
1503294000	255	21.1	12	19	67
1503294300	255	21.1	11	17	67
1503294600	255	21.1	11	16	67
1503294900	255	21.1	11	17	67
1503295200	255	21.1	11	17	67
1503295500	255	21.1	11	17	67
1503295800	255	21.1	11	18	67
1503296100	255	21.1	10	17	67
1503296400	255	21.1	11	18	67
1503296700	255	21.1	11	18	67
1503297300	255	21.1	12	17	67
1503297600	255	21.2	11	16	67
1503297608	255	-4.6	0	29	22
1503297900	255	21.2	11	17	67
1503298200	255	21.2	11	17	67
1503298378	255	-4.4	0	11	50
1503298500	255	21.2	52	83	67
1503305400	255	20.7	49	78	67
1503305700	255	20.7	48	110	67
1503305700	255	20.7	45	102	67
1503306000	255	20.7	56	86	67
1503306300	255	20.7	52	87	67
1503306600	255	20.7	58	113	67
1503306900	255	20.7	43	71	67
1503307200	255	20.7	57	130	67
1503307200	255	20.7	101	159	0
1503307800	255	20.7	69	108	67
1503308100	255	20.7	61	89	67
1503308400	255	20.7	58	89	67
1503309000	255	20.7	56	89	67
1503309300	255	20.7	56	89	67
1503309310	255	20.7	87	80	67
1503309600	255	20.7	55	111	67
1503309900	255	20.7	62	92	67
1503310200	255	20.7	63	86	67
1503310500	255	20.7	63	98	67
1503310629	255	22.3	0	16	68
1503310800	255	20.7	59	119	67
1503310800	255	20.7	91	121	6
1503311100	255	20.8	59	99	67
1503312000	255	20.8	57	94	67
1503312300	255	20.8	48	83	67
1503312600	255	20.8	62	111	67
1503312900	255	20.8	51	92	67
1503313200	255	20.8	61	96	67
1503313500	255	20.8	63	108	67
1503313800	255	20.8	60	111	67
1503314100	255	20.8	44	84	67
1503314400	255	20.8	63	121	67
1503315000	255	-5.0	0	0	0
1503315300	255	20.8	65	140	67
1503315600	255	20.8	78	113	67
1503315900	255	20.8	61	105	0
1503316200	255	20.9	62	111	67
1503316500	255	20.9	55	87	67
1503316800	255	20.9	68	82	67
1503317100	255	20.9	62	93	67
1503317400	255	21.0	68	95	67
1503317700	255	21.0	58	133	67
1503318300	255	21.0	63	151	67
1503318600	255	21.0	78	117	67
1503318900	255	21.1	59	120	67
1503319200	255	21.1	77	153	67
1503319500	255	21.1	60	123	0
1503319800	255	21.1	75	108	67
1503320100	255	21.2	65	104	67
1503320400	255	21.2	73	116	67
1503320700	255	21.2	77	143	67
1503320878	255	20.7	0	8	113
1503321000	255	21.2	72	118	67
1503321300	255	21.3	69	107	67
1503321600	255	21.3	71	107	67
1503321900	255	21.3	83	144	67
1503322200	255	21.3	73	121	67
1503322500	255	21.3	73	177	67
1503322800	255	21.3	73	110	67
1503322800	255	21.4	111	190	67
1503323400	255	21.4	70	113	67
1503323700	255	21.4	58	98	67
1503324000	255	21.4	72	109	67
1503324300	255	21.4	59	101	67
1503324600	255	21.5	62	137	67
1503324900	255	21.5	72	140	0
1503324994	255	1716.3	0	22	182
1503325200	255	21.5	56	94	67
1503325500	255	21.5	66	102	67
1503325800	255	21.5	75	147	67
1503326100	255	21.6	60	109	67
1503326400	255	21.6	77	111	67
1503326700	255	21.6	61	121	67
4294967295	255	11.1	0	25	0
1503327000	255	21.6	72	118	67
1503327600	255	21.6	70	118	67
1503327900	255	21.6	72	135	67
1503327900	255	21.6	73	145	6
1503328200	255	21.7	71	128	67
1503328800	255	21.7	71	175	67
1503329100	255	21.7	57	103	67
1503329400	255	21.8	74	167	67
1503329700	255	21.8	52	93	67
1503330000	255	21.8	78	123	67
1503330300	255	21.9	60	138	67
1503330900	255	21.9	62	132	67
1503331200	255	21.9	77	122	67
1503331500	255	22.0	66	142	67
1503332100	255	22.0	68	100	67
1503332400	255	22.1	59	109	67
1503332700	255	22.1	67	106	67
1503333000	255	22.1	77	119	67
1503333300	255	22.1	67	107	67
1503333600	255	22.2	80	117	67
1503333610	255	1149.2	0	18	78
1503333900	255	22.2	68	121	67
1503334200	255	22.2	80	125	67
1503334500	255	22.2	68	123	67
1503334800	255	22.3	70	105	67
1503335100	255	22.3	65	134	67
1503335400	255	22.3	75	137	67
1503335700	255	22.3	70	107	67
1503336000	255	22.3	73	118	67
1503336300	255	22.4	63	120	6
1503336600	255	22.4	70	111	67
1503336900	255	22.4	59	107	67
1503337200	255	22.4	92	152	67
1503337500	255	22.4	59	97	67
1503337800	255	22.4	68	105	67
1503338400	255	22.4	87	167	67
1503338700	255	22.4	63	103	67
1503339900	255	22.3	64	109	67
1503340200	255	22.3	86	148	67
1503340500	255	22.3	62	124	67
1503340800	255	22.3	75	137	67
1503341039	255	870.6	0	25	208
1503341100	255	22.2	65	101	67
1503341400	255	22.2	76	138	6
1503342000	255	22.2	88	127	67
1503342300	255	22.1	59	124	67
1503342600	255	22.1	76	142	67
1503343200	255	22.0	65	103	67
1503343256	255	-5.0	0	0	6
1503343500	255	22.0	60	133	67
1503343800	255	22.0	74	118	67
1503344100	255	22.0	69	106	67
1503344400	255	22.0	71	142	67
1503344700	255	21.9	62	110	67
1503345000	255	21.9	69	115	67
1503345300	255	21.9	71	118	67
1503345600	255	21.9	74	110	67
1503346200	255	21.8	72	108	67
1503346200	255	21.8	164	193	6
1503346500	255	21.8	65	98	67
1503346800	255	21.8	60	101	67
1503347100	255	21.8	70	106	67
1503347400	255	21.8	78	134	67
1503347700	255	21.7	59	132	67
1503348300	255	21.7	59	121	67
1503348600	255	21.7	66	111	67
1503348900	255	21.6	63	132	67
1503349200	255	21.6	68	114	67
1503349800	255	21.6	68	104	67
1503350100	255	21.6	68	132	67
1503350400	255	21.5	67	140	67
1503350700	255	21.5	62	125	67
1503351300	255	21.5	66	109	67
1503351600	255	21.5	68	102	67
1503351900	255	21.5	68	142	67
1503352500	255	21.4	70	127	67
1503352800	255	21.4	70	132	67
1503353050	255	2560.5	0	18	91
1503353100	255	21.4	70	166	67
1503353400	255	21.4	56	139	67
1503354000	255	21.4	56	133	67
1503354300	255	21.4	65	103	67
1503354900	255	21.3	66	99	67
1503355200	255	21.3	72	113	67
1503355500	255	21.3	72	109	67
1503355800	255	21.3	71	105	67
1503356100	255	21.3	68	115	67
1503356400	255	21.3	70	101	67
1503356700	255	21.3	68	125	67
1503357000	255	21.3	68	109	67
1503357600	255	21.3	76	130	67
1503358500	255	21.3	56	108	6
1503358800	255	21.2	61	104	67
1503359100	255	21.2	70	125	67
1503359400	255	21.2	68	126	67
1503359700	255	21.2	67	105	67
1503360000	255	21.2	68	99	67
1503360300	255	21.2	58	100	67
1503360600	255	21.2	66	99	67
1503360803	255	4070.8	0	20	183
1503361800	255	21.1	74	107	67
1503362100	255	21.1	65	96	67
1503362400	255	21.1	63	102	67
1503362700	255	21.1	70	130	67
1503363000	255	21.1	61	97	67
1503363900	255	21.1	68	99	67
1503364200	255	21.1	66	109	67
1503364500	255	21.1	71	104	67
1503364800	255	21.1	62	100	67
1503365100	255	21.0	65	99	67
1503365400	255	21.0	69	109	67
1503365700	255	21.0	77	113	67
1503366000	255	21.0	66	100	67
1503366600	255	21.0	71	103	67
1503366900	255	21.0	72	102	67
1503366900	255	21.0	65	75	6
1503367500	255	21.0	61	98	67
1503367521	255	3329.8	0	16	170
1503367800	255	21.0	71	132	67
1503368400	255	20.9	154	12	0
1503368700	255	20.9	67	142	67
1503369300	255	20.9	62	116	67
1503369600	255	20.9	75	131	67
1503369900	255	20.9	57	104	67
1503370200	255	20.9	71	117	67
1503371100	255	20.8	53	97	67
1503371400	255	20.8	63	114	67
1503371700	255	20.8	61	171	67
1503372300	255	20.8	55	97	67
1503372600	255	20.8	71	121	67
1503372900	255	20.8	69	96	67
1503373200	255	20.8	65	93	67
1503373500	255	20.8	68	95	67
1503373800	255	20.8	66	111	67
1503374100	255	20.7	65	96	67
1503374400	255	20.7	67	158	67
1503374700	255	20.7	62	115	67
1503375000	255	20.7	81	10	0
1503375300	255	20.7	61	99	67
1503375900	255	20.8	68	113	67
1503376200	255	20.8	71	124	67
1503376500	255	20.8	63	101	67
1503376800	255	20.8	71	126	67
1503377100	255	20.8	71	104	67
1503377400	255	20.9	68	116	67
1503377700	255	20.9	61	132	67
1503378300	255	20.9	149	1	0
1503378600	255	20.9	72	106	67
1503378900	255	21.0	63	101	67
1503379200	255	21.0	70	108	67
1503379500	255	21.0	66	110	67
1503380400	255	21.1	61	96	67
1503380700	255	21.1	72	10	0
1503381300	255	21.1	61	102	67
1503382200	255	21.1	69	119	67
1503382500	255	21.0	64	97	67
1503383400	255	21.1	71	146	67
1503384000	255	21.1	67	143	67
1503384600	255	21.1	67	131	67
1503384900	255	21.2	67	111	67
1503385200	255	21.2	71	108	67
1503385500	255	21.2	75	169	67
1503385800	255	21.3	69	110	67
1503386390	255	-4.9	0	9	6
1503386400	255	21.3	126	125	67
1503387000	255	21.4	74	127	67
1503387053	255	316.7	0	22	72
1503387300	255	21.4	61	100	67
1503387600	255	21.4	74	137	67
1503387900	255	21.5	72	114	67
1503388200	255	21.5	69	111	67
1503388411	255	4.6	0	13	170
1503388598	255	324.1	0	23	85
1503388800	255	21.6	74	107	67
1503389100	255	21.6	67	108	67
1503389100	255	21.6	66	119	0
1503389271	255	4.6	0	14	172
1503389400	255	21.6	71	106	67
1503389461	255	4.6	0	15	173
